959750791015
959750799301
959750795030
959750792520
959750794641
959750792679
959750798044
959750790256
959750797929
959750799402
959750793617
959750791042
959750795055
959750791518
959750796866
959750796470
959750792597
959750790024
959750793196
959750797652
959750796791
959750798271
959750798375
959750797278
959750799154
959750792778
959750790538
959750795823
959750795779
959750796463
959750794380
959750792459
959750790545
959750795147
959750798561
959750791258
959750793638
959750792685
959750797385
959750793209
959750798230
959750798771
959750794963
959750796924
959750796150
959750794368
959750790377
959750792174
959750793164
959750798066
959750799992
959750798331
959750798957
959750797114
959750793216
959750795052
959750793497
959750790392
959750795020
959750791259
959750793909
959750792390
959750798835
959750799573
959750799837
959750791313
959750797769
959750791948
959750798036
959750795320
959750795535
959750795830
959750796228
959750797614
959750790761
959750798848
959750798129
959750791403
959750799158
959750799625
959750794522
959750795382
959750791086
959750797778
959750799528
959750791816
959750795089
959750794485
959750791578
959750791504
959750791622
959750796205
959750794961
959750790340
959750798797
959750793198
959750790034
959750790188
959750790681
959750793946
