201142757593
201142758820
201142754761
201142755021
201142751451
201142757473
201142758755
201142757252
201142754796
201142754491
201142755565
201142752726
201142756048
201142755518
201142754278
201142751317
201142759695
201142757432
201142752944
201142751985
201142753282
201142753655
201142753218
201142757898
201142757045
201142754606
201142753976
201142750673
201142756604
201142757764
201142756933
201142756761
201142750466
201142755530
201142753294
201142758328
201142757255
201142755183
201142755767
201142751434
201142750478
201142754434
201142757783
201142758142
201142751984
201142755609
201142752225
201142758413
201142759134
201142754772
201142751906
201142759472
201142751528
201142758948
201142752828
201142758273
201142758049
201142752680
201142750324
201142757393
201142759088
201142751781
201142757768
201142754465
201142757644
201142756926
201142752373
201142758585
201142750975
201142751330
201142758123
201142757733
201142754686
201142751663
201142753280
201142755167
201142757005
201142750125
201142751770
201142755678
201142755773
201142758620
201142752155
201142759116
201142755342
201142751705
201142757003
201142751889
201142755981
201142750607
201142750400
201142750279
201142752661
201142758715
201142757469
201142750175
201142750600
201142754213
201142753212
201142758642
